|  | 2|  |14|12|22|  |15|  |  |  |25| 6|  |  |  |  |  |  |  |  |13| 1|21|  |
|17|16|11|  |  | 1| 5|18|  | 3| 4|13|14|  | 7|  |  |20|  |  |19|  |  |10| 8|
| 7|  |  |10|  | 6|23|  |  |  |  |21|  |  |  | 8|  |  |19|  |24|  |11| 2| 5|
|  |  | 6|20|  |  |  |  |  |13|  |  |  | 3|  |  |12|  |21|  |  |  |  |  | 4|
| 1| 4|  |21|  |  |10|16| 7|  |15|  | 8|  |  |11|23|  | 5|24|18| 6|  | 9|  |
|  |  |22|  |  |18|  | 7|  | 2|17|20| 5|  |10|  |24| 1| 4|14| 6| 8|19|  |  |
|  |  | 5|  | 7|  |  | 8| 9|  |  |23|  |15| 6|19|  |  |13|  |20|24|21|  |10|
|24|23|14|  |  |16|17| 6|20|  |  |  |  |19|12|  |  |22|  |  | 5|15| 9|  | 2|
|20|15|  | 1|  |11|  |  |19|  |24|  |  | 8|  |  |18|  | 2| 6|  |  | 3|25|  |
|  |  |  |  |  |  |13|12| 3|  |  |  |  | 4|  |15| 9|23|20| 8|  |16|17|  |22|
|14|  | 1| 7|  |  | 4|  |  |  | 6|  |  | 2|  | 5| 3|  |18|  | 9|12| 8|19|24|
|  |  |12|22|  | 3|20|  |  |24| 8| 7|  |  |  |10|25|  |  |  |11|  |  |  |  |
| 8|  | 4|  |25|15|  | 9|16|  |  |19|  |18|21|22|  |  |14|  |  | 5|  | 3|23|
|18| 3|16| 9|  |  |  |19| 8|  |23|  |  | 1|20|  |21|  | 7|  |10|  |25|17|  |
|10|17|15|  |23|14|  |  | 1|18| 3|  |  | 9|  |20|19| 6| 8|12|  | 2|  | 7|  |
|16|19|  | 5|  | 7|25|20|14|17|  |  |15|11| 9|  | 6|  |12|  |22|  | 2| 8|  |
|22|  |  | 4|  |19|  |  |24|  |  |18|21|25| 5|  |10|  |15|20|17| 9| 7|11| 3|
| 2| 7|  |  |18|  |  |  | 6|  |  |12|24|22|  |  | 5| 8| 3|  | 4|  |15|  |  |
|12|  |17|  |  |  |  |  |15|23|  |  |10| 6| 3|14|  |21|  | 2|  |  |24| 5|16|
|13| 8|10|24|  |  | 2|  |  | 4|19|14|17|  |  |18|22| 7|25|  | 1|  | 6|23|12|
|  |11|  |17|  | 8| 9|  |18| 1|25|  |22|  |  | 2|  |  |24|  |12|  |  |14|  |
|  |22|21|  | 1|  | 7| 4|10|15|  |  |18|  |  |  |  | 3|16|23| 2|20|13|  |17|
|15|  |  |23|14|  |19|  |25|21|  |  | 1|  |  |  |  |12|  | 5| 3|18|16| 4|  |
|  |13| 7|12| 5|  |  |  |22|  |  | 2|  |  |15|  |11|  | 1| 9|  |25|  |  |  |
| 4|  |25| 2| 8|  |14|24|13| 6|12| 3| 9|16|19| 7|  |10|  |15|  |11|  |  |  |
