| 5| 2| 8|14|12|22|24|15| 4|19| 9|25| 6|23|11| 3|16|17|10|18| 7|13| 1|21|20|
|17|16|11|15|22| 1| 5|18|21| 3| 4|13|14|24| 7| 9| 2|20| 6|25|19|23|12|10| 8|
| 7|25|18|10|13| 6|23|14|12| 9|16|21|20|17| 1| 8|15| 4|19|22|24| 3|11| 2| 5|
|23| 9| 6|20|24|25| 8| 2|11|13| 5|10|19| 3|18| 1|12|14|21| 7|15|17|22|16| 4|
| 1| 4|19|21| 3|17|10|16| 7|20|15|22| 8|12| 2|11|23|13| 5|24|18| 6|14| 9|25|
|25|21|22| 3| 9|18|15| 7|23| 2|17|20| 5|13|10|16|24| 1| 4|14| 6| 8|19|12|11|
|11|12| 5|16| 7| 4| 1| 8| 9|14|22|23| 2|15| 6|19|17|25|13| 3|20|24|21|18|10|
|24|23|14| 8| 4|16|17| 6|20|25|18| 1| 3|19|12|21| 7|22|11|10| 5|15| 9|13| 2|
|20|15|13| 1|17|11|21|10|19|22|24| 9|16| 8|14|12|18| 5| 2| 6|23| 4| 3|25| 7|
|19| 6| 2|18|10|24|13|12| 3| 5|21|11| 7| 4|25|15| 9|23|20| 8|14|16|17| 1|22|
|14|20| 1| 7|11|21| 4|23|17|10| 6|16|25| 2|22| 5| 3|15|18|13| 9|12| 8|19|24|
|21| 5|12|22|19| 3|20|13| 2|24| 8| 7| 4|14|17|10|25| 9|23|16|11| 1|18|15| 6|
| 8|24| 4| 6|25|15|11| 9|16| 7|10|19|12|18|21|22| 1| 2|14|17|13| 5|20| 3|23|
|18| 3|16| 9| 2| 5| 6|19| 8|12|23|15|13| 1|20|24|21|11| 7| 4|10|22|25|17|14|
|10|17|15|13|23|14|22|25| 1|18| 3| 5|11| 9|24|20|19| 6| 8|12|16| 2| 4| 7|21|
|16|19| 3| 5|21| 7|25|20|14|17|13| 4|15|11| 9|23| 6|24|12| 1|22|10| 2| 8|18|
|22|14|23| 4| 6|19|12| 1|24| 8| 2|18|21|25| 5|13|10|16|15|20|17| 9| 7|11| 3|
| 2| 7| 9|25|18|10|16|21| 6|11| 1|12|24|22|23|17| 5| 8| 3|19| 4|14|15|20|13|
|12| 1|17|11|20|13|18|22|15|23| 7| 8|10| 6| 3|14| 4|21| 9| 2|25|19|24| 5|16|
|13| 8|10|24|15| 9| 2| 3| 5| 4|19|14|17|20|16|18|22| 7|25|11| 1|21| 6|23|12|
| 3|11|20|17|16| 8| 9| 5|18| 1|25| 6|22|10| 4| 2|13|19|24|21|12| 7|23|14|15|
| 9|22|21|19| 1|12| 7| 4|10|15|11|24|18| 5| 8|25|14| 3|16|23| 2|20|13| 6|17|
|15|10|24|23|14| 2|19|11|25|21|20|17| 1| 7|13| 6| 8|12|22| 5| 3|18|16| 4| 9|
| 6|13| 7|12| 5|20| 3|17|22|16|14| 2|23|21|15| 4|11|18| 1| 9| 8|25|10|24|19|
| 4|18|25| 2| 8|23|14|24|13| 6|12| 3| 9|16|19| 7|20|10|17|15|21|11| 5|22| 1|
